"Longueuil",0.6244252,33.06,13.36,43690
"Longueuil",0.6256892,33.06,13.39,43690
"Longueuil",0.6262054,33.08,13.38,43690
"Longueuil",0.6289927,33.07,13.38,43690
"Longueuil",0.6277669,33.07,13.35,43690
"Longueuil",0.6274719,33.09,13.42,43690
"Longueuil",0.6269175,33.07,13.37,43690
"Longueuil",0.6306127,33.05,13.35,43690
"Longueuil",0.6301015,33.04,13.31,43690
"Longueuil",0.6304677,33.04,13.34,43690
"Longueuil",0.629275,33.05,13.32,43690
"Longueuil",0.6243057,33.06,13.29,43690
"Longueuil",0.6241379,33.07,13.32,43690
"Longueuil",0.6200231,33.08,13.31,43690
"Longueuil",0.6220322,33.1,13.33,43690
"Longueuil",0.6220195,33.12,13.35,43690
"Longueuil",0.6199468,33.11,13.35,43690
"Longueuil",0.6175969,33.1,13.33,43690
"Longueuil",0.6199697,32.95,13.36,43690
"Longueuil",0.6178741,33.07,13.33,43690
"Longueuil",0.6169536,33.07,13.35,43690
"Longueuil",0.6153564,33.07,13.38,43690
"Longueuil",0.6130778,33.06,13.43,43690
"Longueuil",0.6141917,32.85,13.43,43690
"Longueuil",0.6138484,33,13.4,43690
"Longueuil",0.6130066,32.97,13.4,43690
"Longueuil",0.6139908,32.95,13.4,43690
"Longueuil",0.6150869,32.94,13.4,43690
"Longueuil",0.6160787,32.84,13.39,43690
"Longueuil",0.6195577,32.74,13.41,43690
"Longueuil",0.6183217,32.77,13.44,43690
"Longueuil",0.6192983,32.78,13.46,43690
"Longueuil",0.6192169,32.77,13.42,43690
"Longueuil",0.6218974,32.75,13.39,43690
"Longueuil",0.6205215,32.74,13.43,43690
"Longueuil",0.6237971,32.71,13.43,43690
"Longueuil",0.623792,32.7,13.38,43690
"Longueuil",0.6259893,32.68,13.41,43690
"Longueuil",0.6251857,32.66,13.43,43690
"Longueuil",0.6301854,32.64,13.39,43690
"Longueuil",0.6242828,32.68,13.38,43690
"Longueuil",0.6221542,32.62,13.39,43690
"Longueuil",0.6207402,32.63,13.39,43690
"Longueuil",0.6203918,32.62,13.42,43690
"Longueuil",0.6210861,32.61,13.43,43690
"Longueuil",0.6210073,32.59,13.44,43690
"Longueuil",0.620486,32.6,13.4,43690
"Longueuil",0.620491,32.59,13.37,43690
"Longueuil",0.6193492,32.58,13.4,43690
"Longueuil",0.6172917,32.59,13.37,43690
"Longueuil",0.6190414,32.59,13.36,43690
"Longueuil",0.6171951,32.58,13.36,43690
"Longueuil",0.6213303,32.6,13.34,43690
"Longueuil",0.6234131,32.57,13.32,43690
"Longueuil",0.6216456,32.58,13.33,43690
"Longueuil",0.6202901,32.58,13.35,43690
"Longueuil",0.6236827,32.6,13.34,43690
"Longueuil",0.6233113,32.59,13.38,43690
"Longueuil",0.6271133,32.6,13.38,43690
"Longueuil",0.6238353,32.57,13.38,43690
"Longueuil",0.6234462,32.52,13.38,43690
"Longueuil",0.622762,32.57,13.39,43690
"Longueuil",0.6242879,32.31,13.37,43690
"Longueuil",0.6239548,32.62,13.39,43690
"Longueuil",0.6218389,32.63,13.36,43690
"Longueuil",0.6211904,32.65,13.32,43690
"Longueuil",0.6241099,32.64,13.33,43690
"Longueuil",0.621549,32.67,13.37,43690
"Longueuil",0.6192245,32.67,13.34,43690
"Longueuil",0.6184514,32.69,13.36,43690
"Longueuil",0.6145121,32.69,13.38,43690
"Longueuil",0.6119054,32.71,13.4,43690
"Longueuil",0.6124649,32.73,13.43,43690
"Longueuil",0.6115697,32.75,13.42,43690
"Longueuil",0.6084849,32.75,13.4,43690
"Longueuil",0.6082814,32.75,13.38,43690
"Longueuil",0.6112416,32.76,13.37,43690
"Longueuil",0.607048,32.76,13.37,43690
"Longueuil",0.608846,32.64,13.39,43690
"Longueuil",0.6069972,32.68,13.38,43690
"Longueuil",0.6063054,32.73,13.38,43690
"Longueuil",0.6077372,32.76,13.43,43690
"Longueuil",0.6080678,32.79,13.39,43690
"Longueuil",0.6110026,32.79,13.38,43690
"Longueuil",0.6125209,32.81,13.39,43690
"Longueuil",0.6113281,32.82,13.4,43690
"Longueuil",0.6096191,32.84,13.43,43690
"Longueuil",0.6132787,32.84,13.41,43690
"Longueuil",0.611262,32.84,13.41,43690
"Longueuil",0.612147,32.86,13.41,43690
"Longueuil",0.6127319,32.87,13.4,43690
"Longueuil",0.6139755,32.86,13.39,43690
"Longueuil",0.6136475,32.87,13.39,43690
"Longueuil",0.6155574,32.89,13.41,43690
"Longueuil",0.6150665,32.91,13.39,43690
"Longueuil",0.6138509,32.9,13.37,43690
"Longueuil",0.6132228,32.9,13.33,43690
"Longueuil",0.6123708,32.91,13.34,43690
"Longueuil",0.6107839,32.91,13.31,43690
"Longueuil",0.610288,32.91,13.31,43690
"Longueuil",0.6079585,32.93,13.31,43690
"Longueuil",0.6087468,32.94,13.33,43690
"Longueuil",0.6084137,32.97,13.39,43690
"Longueuil",0.6054866,32.98,13.36,43690
"Longueuil",0.6051204,32.99,13.38,43690
"Longueuil",0.6064555,32.99,13.38,43690
"Longueuil",0.6079305,33.01,13.35,43690
"Longueuil",0.607048,33.02,13.38,43690
"Longueuil",0.6109975,33.02,13.39,43690
"Longueuil",0.6067607,33.03,13.38,43690
"Longueuil",0.6046931,33.03,13.35,43690
"Longueuil",0.6038869,33.03,13.31,43690
"Longueuil",0.6051941,33.02,13.31,43690
"Longueuil",0.6007996,33.02,13.3,43690
"Longueuil",0.6072947,33.03,13.3,43690
"Longueuil",0.6020533,33.03,13.32,43690
"Longueuil",0.6027272,33.04,13.33,43690
"Longueuil",0.606158,33.02,13.31,43690
"Longueuil",0.602005,33.02,13.32,43690
"Longueuil",0.603213,33.02,13.36,43690
"Longueuil",0.604421,33.02,13.38,43690
"Longueuil",0.6033223,33,13.38,43690
"Longueuil",0.6011251,32.99,13.37,43690
"Longueuil",0.6030681,32.97,13.36,43690
"Longueuil",0.6002121,32.97,13.38,43690
"Longueuil",0.6007283,32.94,13.42,43690
"Longueuil",0.5954666,32.92,13.42,43690
"Longueuil",0.5926285,32.9,13.38,43690
"Longueuil",0.5940831,32.87,13.37,43690
"Longueuil",0.5885823,32.84,13.34,43690
"Longueuil",0.5898336,32.81,13.31,43690
"Longueuil",0.587499,32.76,13.31,43690
"Longueuil",0.5877457,32.72,13.32,43690
"Longueuil",0.5862122,32.71,13.3,43690
"Longueuil",0.5852382,32.7,13.34,43690
"Longueuil",0.5876872,32.68,13.3,43690
"Longueuil",0.5845184,32.67,13.33,43690
"Longueuil",0.5857315,32.65,13.31,43690
"Longueuil",0.5865834,32.63,13.31,43690
"Longueuil",0.5853271,32.55,13.33,43690
"Longueuil",0.5874456,32.46,13.35,43690
"Longueuil",0.5880585,32.51,13.34,43690
"Longueuil",0.5873235,32.53,13.35,43690
"Longueuil",0.5909093,32.54,13.34,43690
"Longueuil",0.5913569,32.55,13.38,43690
"Longueuil",0.591507,32.54,13.33,43690
"Longueuil",0.5912578,32.56,13.34,43690
"Longueuil",0.5934728,32.55,13.36,43690
"Longueuil",0.5902328,32.62,13.35,43690
"Longueuil",0.5911713,32.52,13.33,43690
"Longueuil",0.5914307,32.53,13.31,43690
"Longueuil",0.5903727,32.53,13.34,43690
"Longueuil",0.593488,32.55,13.34,43690
"Longueuil",0.5899734,32.54,13.3,43690
"Longueuil",0.5884526,32.55,13.35,43690
"Longueuil",0.5873235,32.43,13.34,43690
"Longueuil",0.5842336,32.47,13.36,43690
"Longueuil",0.5843099,32.53,13.33,43690
"Longueuil",0.5821152,32.57,13.38,43690
"Longueuil",0.5812886,32.58,13.36,43690
"Longueuil",0.5814438,32.62,13.36,43690
"Longueuil",0.5776799,32.62,13.34,43690
"Longueuil",0.579038,32.62,13.32,43690
"Longueuil",0.5773442,32.63,13.36,43690
"Longueuil",0.583491,32.66,13.36,43690
"Longueuil",0.5774409,32.67,13.37,43690
"Longueuil",0.5790151,32.67,13.39,43690
"Longueuil",0.5781682,32.69,13.37,43690
"Longueuil",0.5781072,32.69,13.33,43690
"Longueuil",0.5806987,32.7,13.35,43690
"Longueuil",0.5787735,32.7,13.34,43690
"Longueuil",0.5810699,32.75,13.34,43690
"Longueuil",0.5808105,32.71,13.3,43690
"Longueuil",0.5813802,32.73,13.3,43690
"Longueuil",0.5785421,32.62,13.33,43690
"Longueuil",0.5809708,32.66,13.35,43690
"Longueuil",0.5793304,32.71,13.37,43690
"Longueuil",0.5821864,32.78,13.34,43690
"Longueuil",0.5795466,32.75,13.33,43690
"Longueuil",0.5765991,32.74,13.3,43690
"Longueuil",0.5769017,32.75,13.33,43690
"Longueuil",0.5786082,32.76,13.34,43690
"Longueuil",0.57503,32.78,13.36,43690
"Longueuil",0.5730438,32.79,13.35,43690
"Longueuil",0.574084,32.79,13.35,43690
"Longueuil",0.575058,32.79,13.35,43690
"Longueuil",0.570638,32.8,13.4,43690
"Longueuil",0.5715306,32.81,13.36,43690
"Longueuil",0.56928,32.83,13.36,43690
"Longueuil",0.5665563,32.74,13.37,43690
"Longueuil",0.5670522,32.74,13.36,43690
"Longueuil",0.5656509,32.81,13.39,43690
"Longueuil",0.5692444,32.83,13.38,43690
"Longueuil",0.5649643,32.84,13.38,43690
"Longueuil",0.563441,32.86,13.35,43690
"Longueuil",0.5645421,32.86,13.31,43690
"Longueuil",0.5647278,32.87,13.32,43690
"Longueuil",0.565506,32.88,13.34,43690
"Longueuil",0.5657349,32.86,13.33,43690
"Longueuil",0.5666962,32.87,13.35,43690
"Longueuil",0.5669734,32.86,13.36,43690
"Longueuil",0.5656688,32.85,13.34,43690
"Longueuil",0.5673955,32.83,13.32,43690
"Longueuil",0.5668411,32.69,13.35,43690
"Longueuil",0.5672048,32.69,13.37,43690
"Longueuil",0.5662384,32.73,13.37,43690
"Longueuil",0.569046,32.72,13.39,43690
"Longueuil",0.5673549,32.73,13.41,43690
"Longueuil",0.5635147,32.72,13.44,43690
"Longueuil",0.5626552,32.69,13.44,43690
"Longueuil",0.5644328,32.68,13.41,43690
"Longueuil",0.5596212,32.64,13.39,43690
"Longueuil",0.5564804,32.6,13.37,43690
"Longueuil",0.5570323,32.56,13.36,43690
"Longueuil",0.5562897,32.57,13.37,43690
"Longueuil",0.5563863,32.52,13.43,43690
"Longueuil",0.5571213,32.48,13.4,43690
"Longueuil",0.5566432,32.48,13.37,43690
"Longueuil",0.553861,32.47,13.34,43690
"Longueuil",0.5548986,32.47,13.37,43690
"Longueuil",0.5610021,32.47,13.34,43690
"Longueuil",0.5577037,32.46,13.36,43690
"Longueuil",0.5587438,32.58,13.34,43690
"Longueuil",0.5601857,32.44,13.36,43690
"Longueuil",0.5616124,32.46,13.37,43690
"Longueuil",0.56604,32.44,13.36,43690
"Longueuil",0.5662766,32.44,13.39,43690
"Longueuil",0.5682373,32.44,13.36,43690
"Longueuil",0.5689392,32.44,13.34,43690
"Longueuil",0.5688858,32.44,13.32,43690
"Longueuil",0.5708974,32.43,13.34,43690
"Longueuil",0.57385,32.45,13.31,43690
"Longueuil",0.5724258,32.44,13.31,43690
"Longueuil",0.5705668,32.45,13.34,43690
"Longueuil",0.5719274,32.46,13.31,43690
"Longueuil",0.5726064,32.48,13.32,43690
"Longueuil",0.5737813,32.49,13.34,43690
"Longueuil",0.5674006,32.49,13.35,43690
"Longueuil",0.5704473,32.52,13.39,43690
"Longueuil",0.5679118,32.55,13.4,43690
