"Longueuil",23.34623,39.21,13.31,43690
"Longueuil",23.34575,38.88,13.28,43690
"Longueuil",23.34352,38.9,13.27,43690
"Longueuil",23.3433,39.05,13.24,43690
"Longueuil",23.34448,38.9,13.21,43690
"Longueuil",23.34268,38.91,13.26,43690
"Longueuil",23.33991,38.96,13.25,43690
"Longueuil",23.34162,38.87,13.32,43690
"Longueuil",23.33974,38.96,13.23,43690
"Longueuil",23.33585,38.87,13.24,43690
"Longueuil",23.33714,38.75,13.23,43690
"Longueuil",23.33568,39.02,13.22,43690
"Longueuil",23.33191,38.88,13.19,43690
"Longueuil",23.32607,38.89,13.2,43690
"Longueuil",23.32816,38.9,13.24,43690
"Longueuil",23.32668,38.97,13.24,43690
"Longueuil",23.32771,38.9,13.22,43690
"Longueuil",23.3254,39,13.21,43690
"Longueuil",23.3256,38.93,13.21,43690
"Longueuil",23.32457,38.77,13.25,43690
"Longueuil",23.32264,38.65,13.21,43690
"Longueuil",23.32628,38.79,13.19,43690
"Longueuil",23.32124,38.75,13.17,43690
"Longueuil",23.32469,38.93,13.19,43690
"Longueuil",23.32434,38.74,13.21,43690
"Longueuil",23.32525,38.87,13.25,43690
"Longueuil",23.3192,38.81,13.19,43690
"Longueuil",23.32073,38.85,13.24,43690
"Longueuil",23.31843,38.97,13.23,43690
"Longueuil",23.31936,38.85,13.24,43690
"Longueuil",23.31412,38.96,13.24,43690
"Longueuil",23.31688,38.94,13.27,43690
"Longueuil",23.31259,38.91,13.24,43690
"Longueuil",23.31544,38.87,13.26,43690
"Longueuil",23.31178,38.91,13.25,43690
"Longueuil",23.30855,38.88,13.23,43690
"Longueuil",23.30945,38.81,13.19,43690
"Longueuil",23.30056,38.93,13.25,43690
"Longueuil",23.30479,38.91,13.26,43690
"Longueuil",23.30303,38.84,13.23,43690
"Longueuil",23.29984,38.73,13.27,43690
"Longueuil",23.30451,38.96,13.24,43690
"Longueuil",23.2994,38.94,13.24,43690
"Longueuil",23.29861,38.86,13.21,43690
"Longueuil",23.29862,38.89,13.2,43690
"Longueuil",23.29949,38.67,13.19,43690
"Longueuil",23.30077,38.91,13.24,43690
"Longueuil",23.29558,38.86,13.24,43690
"Longueuil",23.29745,38.86,13.22,43690
"Longueuil",23.30101,38.92,13.24,43690
"Longueuil",23.29507,38.82,13.27,43690
"Longueuil",23.29376,38.9,13.24,43690
"Longueuil",23.29439,38.81,13.22,43690
"Longueuil",23.2909,38.89,13.22,43690
"Longueuil",23.29114,38.91,13.21,43690
"Longueuil",23.28803,38.73,13.24,43690
"Longueuil",23.28831,38.8,13.24,43690
"Longueuil",23.28282,38.84,13.24,43690
"Longueuil",23.28412,38.88,13.25,43690
"Longueuil",23.28197,38.87,13.29,43690
"Longueuil",23.28167,38.83,13.31,43690
"Longueuil",23.2793,38.83,13.29,43690
"Longueuil",23.28411,38.89,13.25,43690
"Longueuil",23.27654,38.93,13.28,43690
"Longueuil",23.27486,38.98,13.29,43690
"Longueuil",23.27538,38.93,13.33,43690
"Longueuil",23.26797,38.81,13.34,43690
"Longueuil",23.27111,38.84,13.35,43690
"Longueuil",23.2714,38.82,13.32,43690
"Longueuil",23.27081,38.73,13.29,43690
"Longueuil",23.26752,38.72,13.32,43690
"Longueuil",23.26772,38.67,13.33,43690
"Longueuil",23.26518,38.71,13.36,43690
"Longueuil",23.26801,38.85,13.33,43690
"Longueuil",23.26636,38.92,13.31,43690
"Longueuil",23.26558,38.78,13.31,43690
"Longueuil",23.26247,38.8,13.32,43690
"Longueuil",23.26677,38.9,13.29,43690
"Longueuil",23.26029,38.8,13.26,43690
"Longueuil",23.25837,38.82,13.28,43690
"Longueuil",23.25587,38.63,13.25,43690
"Longueuil",23.259,38.67,13.22,43690
"Longueuil",23.25357,38.74,13.2,43690
"Longueuil",23.2492,38.82,13.2,43690
"Longueuil",23.25356,38.9,13.24,43690
"Longueuil",23.25058,38.81,13.23,43690
"Longueuil",23.24526,38.77,13.25,43690
"Longueuil",23.24832,38.73,13.27,43690
"Longueuil",23.24287,38.83,13.25,43690
"Longueuil",23.24178,38.63,13.28,43690
"Longueuil",23.2484,38.69,13.29,43690
"Longueuil",23.24596,38.77,13.29,43690
"Longueuil",23.24442,39.01,13.29,43690
"Longueuil",23.24467,38.65,13.29,43690
"Longueuil",23.2464,38.71,13.27,43690
"Longueuil",23.24336,38.73,13.26,43690
"Longueuil",23.24428,38.74,13.22,43690
"Longueuil",23.2497,38.74,13.2,43690
"Longueuil",23.2462,38.78,13.21,43690
"Longueuil",23.24358,38.7,13.21,43690
"Longueuil",23.24293,38.69,13.2,43690
"Longueuil",23.24693,38.78,13.22,43690
"Longueuil",23.24268,38.64,13.21,43690
"Longueuil",23.24005,38.78,13.21,43690
"Longueuil",23.23743,38.77,13.23,43690
"Longueuil",23.23641,38.76,13.22,43690
"Longueuil",23.23813,38.8,13.22,43690
"Longueuil",23.23537,38.8,13.27,43690
"Longueuil",23.23441,38.69,13.26,43690
"Longueuil",23.23188,38.55,13.26,43690
"Longueuil",23.22907,38.56,13.25,43690
"Longueuil",23.22689,38.66,13.25,43690
"Longueuil",23.22548,38.64,13.25,43690
"Longueuil",23.22424,38.63,13.26,43690
"Longueuil",23.22413,38.8,13.24,43690
"Longueuil",23.22769,38.66,13.24,43690
"Longueuil",23.22413,38.62,13.25,43690
"Longueuil",23.2253,38.69,13.21,43690
"Longueuil",23.22719,38.65,13.2,43690
"Longueuil",23.23108,38.83,13.21,43690
"Longueuil",23.22897,38.6,13.21,43690
"Longueuil",23.22397,38.77,13.21,43690
"Longueuil",23.22688,38.75,13.2,43690
"Longueuil",23.22373,38.51,13.18,43690
"Longueuil",23.21922,38.6,13.17,43690
"Longueuil",23.21897,38.56,13.23,43690
"Longueuil",23.21486,38.59,13.28,43690
"Longueuil",23.21826,38.69,13.24,43690
"Longueuil",23.21218,38.78,13.23,43690
"Longueuil",23.21375,38.8,13.27,43690
"Longueuil",23.21159,38.77,13.28,43690
"Longueuil",23.20721,38.65,13.28,43690
"Longueuil",23.21246,38.83,13.29,43690
"Longueuil",23.20536,38.69,13.26,43690
"Longueuil",23.20603,38.61,13.24,43690
"Longueuil",23.2065,38.68,13.24,43690
"Longueuil",23.20402,38.74,13.23,43690
"Longueuil",23.20533,38.74,13.24,43690
"Longueuil",23.20479,38.83,13.26,43690
"Longueuil",23.19951,38.72,13.23,43690
"Longueuil",23.19989,38.72,13.29,43690
"Longueuil",23.2007,38.65,13.28,43690
"Longueuil",23.20013,38.58,13.27,43690
"Longueuil",23.20012,38.68,13.24,43690
"Longueuil",23.19537,38.79,13.27,43690
"Longueuil",23.19602,38.75,13.27,43690
"Longueuil",23.20076,38.76,13.29,43690
"Longueuil",23.19641,38.79,13.28,43690
"Longueuil",23.19628,38.66,13.29,43690
"Longueuil",23.19083,38.73,13.31,43690
"Longueuil",23.19509,38.8,13.29,43690
"Longueuil",23.19707,38.78,13.26,43690
"Longueuil",23.18975,38.82,13.28,43690
"Longueuil",23.19235,38.66,13.3,43690
"Longueuil",23.19061,38.74,13.28,43690
"Longueuil",23.18646,38.71,13.26,43690
"Longueuil",23.18872,38.63,13.24,43690
"Longueuil",23.18678,38.59,13.25,43690
"Longueuil",23.1893,38.7,13.24,43690
"Longueuil",23.18952,38.77,13.25,43690
"Longueuil",23.18738,38.83,13.26,43690
"Longueuil",23.19135,38.72,13.29,43690
"Longueuil",23.19114,38.83,13.3,43690
"Longueuil",23.19146,38.69,13.25,43690
"Longueuil",23.1887,38.76,13.25,43690
"Longueuil",23.19034,38.83,13.28,43690
"Longueuil",23.19321,38.83,13.31,43690
"Longueuil",23.19364,38.68,13.26,43690
"Longueuil",23.18611,38.73,13.28,43690
"Longueuil",23.18582,38.71,13.3,43690
"Longueuil",23.18575,38.81,13.26,43690
"Longueuil",23.18377,38.78,13.25,43690
"Longueuil",23.1847,38.68,13.24,43690
"Longueuil",23.17885,38.68,13.23,43690
"Longueuil",23.1804,38.69,13.25,43690
"Longueuil",23.17324,38.79,13.28,43690
"Longueuil",23.17617,38.7,13.26,43690
"Longueuil",23.17678,38.77,13.26,43690
"Longueuil",23.17705,38.72,13.26,43690
"Longueuil",23.17377,38.84,13.28,43690
