"Longueuil",0.9695536,32.4,13.35,43690
"Longueuil",0.9667053,32.41,13.35,43690
"Longueuil",0.9667206,32.41,13.37,43690
"Longueuil",0.9680735,32.41,13.37,43690
"Longueuil",0.9663493,32.53,13.39,43690
"Longueuil",0.965861,32.42,13.39,43690
"Longueuil",0.9635137,32.53,13.4,43690
"Longueuil",0.963145,32.54,13.39,43690
"Longueuil",0.9637095,32.43,13.4,43690
"Longueuil",0.9614003,32.42,13.45,43690
"Longueuil",0.9580409,32.42,13.41,43690
"Longueuil",0.9576162,32.42,13.39,43690
"Longueuil",0.9572169,32.6,13.39,43690
"Longueuil",0.9573568,32.53,13.4,43690
"Longueuil",0.9539159,32.43,13.42,43690
"Longueuil",0.9536616,32.44,13.44,43690
"Longueuil",0.9517161,32.43,13.42,43690
"Longueuil",0.9532496,32.42,13.39,43690
"Longueuil",0.9542567,32.43,13.4,43690
"Longueuil",0.9534302,32.43,13.4,43690
"Longueuil",0.9528478,32.44,13.37,43690
"Longueuil",0.9517949,32.43,13.36,43690
"Longueuil",0.9495926,32.47,13.36,43690
"Longueuil",0.9513295,32.62,13.34,43690
"Longueuil",0.9522095,32.42,13.36,43690
"Longueuil",0.9480159,32.42,13.33,43690
"Longueuil",0.9483846,32.43,13.33,43690
"Longueuil",0.947525,32.44,13.33,43690
"Longueuil",0.9471537,32.44,13.33,43690
"Longueuil",0.9468002,32.43,13.33,43690
"Longueuil",0.9438884,32.45,13.36,43690
"Longueuil",0.9449132,32.43,13.34,43690
"Longueuil",0.9432144,32.44,13.39,43690
"Longueuil",0.9450658,32.45,13.39,43690
"Longueuil",0.9434052,32.46,13.41,43690
"Longueuil",0.9422786,32.45,13.4,43690
"Longueuil",0.9425812,32.45,13.41,43690
"Longueuil",0.9411519,32.45,13.38,43690
"Longueuil",0.9406281,32.45,13.36,43690
"Longueuil",0.940417,32.44,13.36,43690
"Longueuil",0.9391454,32.45,13.39,43690
"Longueuil",0.9405543,32.44,13.43,43690
"Longueuil",0.9430542,32.46,13.37,43690
"Longueuil",0.9407628,32.45,13.37,43690
"Longueuil",0.9402034,32.45,13.39,43690
"Longueuil",0.9391098,32.45,13.42,43690
"Longueuil",0.9395091,32.52,13.39,43690
"Longueuil",0.9389572,32.45,13.38,43690
"Longueuil",0.9376984,32.45,13.39,43690
"Longueuil",0.9349238,32.46,13.38,43690
"Longueuil",0.9338379,32.46,13.42,43690
"Longueuil",0.9373932,32.46,13.44,43690
"Longueuil",0.9332072,32.47,13.44,43690
"Longueuil",0.932368,32.47,13.44,43690
"Longueuil",0.9352925,32.49,13.42,43690
"Longueuil",0.9310659,32.46,13.41,43690
"Longueuil",0.9311956,32.46,13.38,43690
"Longueuil",0.9312007,32.46,13.44,43690
"Longueuil",0.9298146,32.46,13.47,43690
"Longueuil",0.9305649,32.45,13.43,43690
"Longueuil",0.9290161,32.44,13.36,43690
"Longueuil",0.9271901,32.51,13.34,43690
"Longueuil",0.9283116,32.31,13.31,43690
"Longueuil",0.9283066,32.29,13.35,43690
"Longueuil",0.9276199,32.24,13.35,43690
"Longueuil",0.9276403,32.39,13.36,43690
"Longueuil",0.9261602,32.4,13.36,43690
"Longueuil",0.9251328,32.42,13.35,43690
"Longueuil",0.9237289,32.43,13.34,43690
"Longueuil",0.9234314,32.43,13.43,43690
"Longueuil",0.9241536,32.44,13.4,43690
"Longueuil",0.9229355,32.43,13.4,43690
"Longueuil",0.9192861,32.42,13.41,43690
"Longueuil",0.9183299,32.42,13.45,43690
"Longueuil",0.9187596,32.17,13.43,43690
"Longueuil",0.9146779,32.42,13.41,43690
"Longueuil",0.9169515,32.29,13.41,43690
"Longueuil",0.9136251,32.29,13.36,43690
"Longueuil",0.9135818,32.34,13.38,43690
"Longueuil",0.9116414,32.38,13.36,43690
"Longueuil",0.9092204,32.39,13.34,43690
"Longueuil",0.9075902,32.39,13.33,43690
"Longueuil",0.9066747,32.4,13.31,43690
"Longueuil",0.9030609,32.4,13.32,43690
"Longueuil",0.9033788,32.41,13.33,43690
"Longueuil",0.902654,32.42,13.34,43690
"Longueuil",0.9010035,32.43,13.36,43690
"Longueuil",0.8998464,32.43,13.39,43690
"Longueuil",0.9003601,32.43,13.39,43690
"Longueuil",0.8958511,32.43,13.41,43690
"Longueuil",0.89534,32.45,13.39,43690
"Longueuil",0.8949025,32.44,13.41,43690
"Longueuil",0.8909658,32.43,13.42,43690
"Longueuil",0.8887202,32.42,13.39,43690
"Longueuil",0.8872604,32.44,13.41,43690
"Longueuil",0.885793,32.45,13.4,43690
"Longueuil",0.8840917,32.45,13.42,43690
"Longueuil",0.8822682,32.61,13.39,43690
"Longueuil",0.8845952,32.45,13.36,43690
"Longueuil",0.8793284,32.44,13.34,43690
"Longueuil",0.877037,32.6,13.37,43690
"Longueuil",0.8806661,32.44,13.4,43690
"Longueuil",0.8745067,32.44,13.43,43690
"Longueuil",0.8741353,32.45,13.39,43690
"Longueuil",0.8749949,32.44,13.37,43690
"Longueuil",0.8749084,32.43,13.36,43690
"Longueuil",0.8729019,32.45,13.36,43690
"Longueuil",0.8717549,32.44,13.34,43690
"Longueuil",0.8696187,32.57,13.34,43690
"Longueuil",0.8701782,32.55,13.4,43690
"Longueuil",0.8707123,32.45,13.36,43690
"Longueuil",0.8697942,32.46,13.36,43690
"Longueuil",0.8683217,32.46,13.43,43690
"Longueuil",0.8677139,32.47,13.4,43690
"Longueuil",0.8677343,32.46,13.37,43690
"Longueuil",0.8644409,32.44,13.36,43690
"Longueuil",0.8655599,32.59,13.37,43690
"Longueuil",0.8649063,32.46,13.38,43690
"Longueuil",0.8644816,32.44,13.34,43690
"Longueuil",0.8652242,32.44,13.33,43690
"Longueuil",0.8615773,32.44,13.33,43690
"Longueuil",0.861618,32.55,13.34,43690
"Longueuil",0.8627065,32.42,13.34,43690
"Longueuil",0.8580754,32.44,13.35,43690
"Longueuil",0.85864,32.44,13.33,43690
"Longueuil",0.8585841,32.33,13.37,43690
"Longueuil",0.8569819,32.3,13.34,43690
"Longueuil",0.8562139,32.36,13.35,43690
"Longueuil",0.8556035,32.39,13.39,43690
"Longueuil",0.8559545,32.57,13.38,43690
"Longueuil",0.8576609,32.4,13.38,43690
"Longueuil",0.8542531,32.57,13.34,43690
"Longueuil",0.8555679,32.41,13.37,43690
"Longueuil",0.8553035,32.42,13.39,43690
"Longueuil",0.856575,32.41,13.37,43690
"Longueuil",0.8534037,32.41,13.35,43690
"Longueuil",0.8565648,32.4,13.33,43690
"Longueuil",0.857254,32.42,13.35,43690
"Longueuil",0.8605601,32.42,13.35,43690
"Longueuil",0.8591182,32.62,13.33,43690
"Longueuil",0.8610179,32.23,13.34,43690
"Longueuil",0.8603058,32.41,13.34,43690
"Longueuil",0.8596904,32.42,13.35,43690
"Longueuil",0.8618927,32.43,13.34,43690
"Longueuil",0.8612569,32.43,13.35,43690
"Longueuil",0.8616257,32.43,13.38,43690
"Longueuil",0.8614655,32.44,13.39,43690
"Longueuil",0.8638127,32.41,13.4,43690
"Longueuil",0.8626201,32.41,13.36,43690
"Longueuil",0.8652471,32.39,13.34,43690
"Longueuil",0.8637059,32.32,13.37,43690
"Longueuil",0.8638789,32.24,13.34,43690
"Longueuil",0.865392,32.33,13.38,43690
"Longueuil",0.8667755,32.36,13.37,43690
"Longueuil",0.8693288,32.38,13.38,43690
"Longueuil",0.8708344,32.38,13.4,43690
"Longueuil",0.8700562,32.38,13.41,43690
"Longueuil",0.8715312,32.37,13.43,43690
"Longueuil",0.8732554,32.37,13.39,43690
"Longueuil",0.8751144,32.35,13.36,43690
"Longueuil",0.878006,32.34,13.35,43690
"Longueuil",0.8780162,32.32,13.35,43690
"Longueuil",0.8814189,32.31,13.31,43690
"Longueuil",0.8780441,32.49,13.34,43690
"Longueuil",0.8831508,32.33,13.33,43690
"Longueuil",0.882838,32.34,13.34,43690
"Longueuil",0.8809026,32.34,13.31,43690
"Longueuil",0.8803177,32.36,13.31,43690
"Longueuil",0.8811213,32.37,13.34,43690
"Longueuil",0.8812917,32.37,13.32,43690
"Longueuil",0.8787231,32.38,13.32,43690
"Longueuil",0.8795242,32.38,13.3,43690
"Longueuil",0.8801906,32.41,13.3,43690
"Longueuil",0.8786519,32.4,13.33,43690
"Longueuil",0.8796387,32.41,13.36,43690
"Longueuil",0.8792699,32.41,13.37,43690
"Longueuil",0.8792318,32.41,13.42,43690
"Longueuil",0.879425,32.4,13.41,43690
"Longueuil",0.8819885,32.39,13.37,43690
"Longueuil",0.8815562,32.38,13.38,43690
