"Longueuil",0.8289769,32.75,13.35,43690
"Longueuil",0.8282089,32.76,13.39,43690
"Longueuil",0.826472,32.75,13.4,43690
"Longueuil",0.8258565,32.73,13.43,43690
"Longueuil",0.828392,32.69,13.38,43690
"Longueuil",0.8274333,32.67,13.36,43690
"Longueuil",0.8285853,32.65,13.34,43690
"Longueuil",0.8251241,32.59,13.33,43690
"Longueuil",0.8258972,32.54,13.34,43690
"Longueuil",0.8237991,32.52,13.36,43690
"Longueuil",0.8199361,32.52,13.34,43690
"Longueuil",0.8183543,32.39,13.32,43690
"Longueuil",0.8205159,32.32,13.3,43690
"Longueuil",0.8160095,32.38,13.35,43690
"Longueuil",0.8102341,32.41,13.37,43690
"Longueuil",0.8080902,32.42,13.35,43690
"Longueuil",0.8055878,32.41,13.33,43690
"Longueuil",0.8083852,32.41,13.36,43690
"Longueuil",0.8056768,32.4,13.4,43690
"Longueuil",0.803304,32.39,13.4,43690
"Longueuil",0.8013763,32.4,13.45,43690
"Longueuil",0.801501,32.4,13.44,43690
"Longueuil",0.8043747,32.36,13.4,43690
"Longueuil",0.8002904,32.36,13.37,43690
"Longueuil",0.8081462,32.36,13.37,43690
"Longueuil",0.8057988,32.37,13.39,43690
"Longueuil",0.8096619,32.3,13.33,43690
"Longueuil",0.8094177,32.22,13.33,43690
"Longueuil",0.8080241,32.31,13.32,43690
"Longueuil",0.8112056,32.36,13.32,43690
"Longueuil",0.8058446,32.36,13.33,43690
"Longueuil",0.8098628,32.39,13.36,43690
"Longueuil",0.8091583,32.4,13.33,43690
"Longueuil",0.8126348,32.43,13.36,43690
"Longueuil",0.8084666,32.45,13.38,43690
"Longueuil",0.8076935,32.46,13.4,43690
"Longueuil",0.8099747,32.47,13.39,43690
"Longueuil",0.8086345,32.48,13.43,43690
"Longueuil",0.8016815,32.52,13.4,43690
"Longueuil",0.8030828,32.51,13.4,43690
"Longueuil",0.7984721,32.5,13.37,43690
"Longueuil",0.7949397,32.51,13.39,43690
"Longueuil",0.7893524,32.57,13.41,43690
"Longueuil",0.7880529,32.53,13.35,43690
"Longueuil",0.7892583,32.65,13.33,43690
"Longueuil",0.7853572,32.53,13.31,43690
"Longueuil",0.782959,32.54,13.31,43690
"Longueuil",0.7825978,32.55,13.31,43690
"Longueuil",0.7803853,32.57,13.31,43690
"Longueuil",0.779836,32.58,13.34,43690
"Longueuil",0.7841873,32.58,13.36,43690
"Longueuil",0.7829768,32.62,13.4,43690
"Longueuil",0.7859446,32.63,13.39,43690
"Longueuil",0.7877223,32.72,13.38,43690
"Longueuil",0.7871323,32.65,13.38,43690
"Longueuil",0.7901077,32.64,13.36,43690
"Longueuil",0.787707,32.63,13.32,43690
"Longueuil",0.7908986,32.64,13.31,43690
"Longueuil",0.7898026,32.66,13.34,43690
"Longueuil",0.7901154,32.69,13.37,43690
"Longueuil",0.789533,32.71,13.37,43690
"Longueuil",0.7849884,32.71,13.42,43690
"Longueuil",0.7875366,32.69,13.35,43690
"Longueuil",0.7867813,32.72,13.33,43690
"Longueuil",0.7808711,32.72,13.32,43690
"Longueuil",0.7780457,32.73,13.34,43690
"Longueuil",0.7752533,32.74,13.33,43690
"Longueuil",0.772288,32.75,13.31,43690
"Longueuil",0.7711105,32.76,13.28,43690
"Longueuil",0.7720057,32.77,13.32,43690
"Longueuil",0.7682037,32.79,13.31,43690
"Longueuil",0.7674306,32.8,13.32,43690
"Longueuil",0.7716725,32.82,13.37,43690
"Longueuil",0.7641194,32.81,13.35,43690
"Longueuil",0.7701467,32.82,13.31,43690
"Longueuil",0.7665074,32.83,13.31,43690
"Longueuil",0.7633464,32.83,13.32,43690
"Longueuil",0.7658183,32.85,13.37,43690
"Longueuil",0.7681834,32.85,13.31,43690
"Longueuil",0.7633107,32.87,13.32,43690
"Longueuil",0.7674128,32.88,13.3,43690
"Longueuil",0.7657496,32.89,13.31,43690
"Longueuil",0.7654088,32.9,13.31,43690
"Longueuil",0.7688802,32.91,13.34,43690
"Longueuil",0.7683818,32.92,13.37,43690
"Longueuil",0.764328,32.94,13.33,43690
"Longueuil",0.7637227,32.94,13.36,43690
"Longueuil",0.7654292,32.95,13.34,43690
"Longueuil",0.7613017,32.96,13.36,43690
"Longueuil",0.7628021,32.97,13.38,43690
"Longueuil",0.7615712,32.97,13.36,43690
"Longueuil",0.7613271,32.98,13.37,43690
"Longueuil",0.7610347,33.01,13.38,43690
"Longueuil",0.754715,33.01,13.41,43690
"Longueuil",0.7514241,33.01,13.42,43690
"Longueuil",0.755394,33.01,13.42,43690
"Longueuil",0.7542598,33.01,13.37,43690
"Longueuil",0.7582703,33.02,13.37,43690
"Longueuil",0.7596512,33.03,13.34,43690
"Longueuil",0.7567444,33.04,13.33,43690
"Longueuil",0.7616374,33.03,13.3,43690
"Longueuil",0.759491,32.77,13.32,43690
"Longueuil",0.7605159,33.04,13.28,43690
"Longueuil",0.7581533,33.04,13.28,43690
"Longueuil",0.7611465,33.05,13.28,43690
"Longueuil",0.7647349,33.06,13.36,43690
"Longueuil",0.7651749,33.07,13.31,43690
"Longueuil",0.7590358,33.08,13.31,43690
"Longueuil",0.7562663,33.08,13.3,43690
"Longueuil",0.7563629,33.09,13.33,43690
"Longueuil",0.7563019,33.08,13.35,43690
"Longueuil",0.7550786,33.09,13.35,43690
"Longueuil",0.7564672,33.09,13.33,43690
"Longueuil",0.7501475,33.07,13.31,43690
"Longueuil",0.751887,33.07,13.33,43690
"Longueuil",0.7493489,33.07,13.36,43690
"Longueuil",0.745341,33.05,13.36,43690
"Longueuil",0.7468745,33.04,13.36,43690
"Longueuil",0.7423223,32.9,13.33,43690
"Longueuil",0.7417094,33.02,13.33,43690
